17
-761.8385,-307.47827,-1.5900621,f
-339.831,-60.574646,-0.72112674,f
-142.74487,-246.2304,0.0,f
-380.34286,-592.65485,0.0,f
-279.78485,-689.55176,-0.8345558,f
181.22516,-427.8783,0.0,f
512.0,-484.28348,0.0,f
190.65324,103.05581,-2.810613,f
863.0857,-96.91428,-1.8285714,f
842.0125,363.97498,-1.922403,f
247.84152,322.81137,-3.5279932,f
240.21333,863.14667,-1.7066667,f
-167.83958,923.1177,-1.7855275,f
17.543734,292.70334,-2.7700632,f
-564.2551,442.15897,-2.0098135,f
-471.49368,55.628693,-0.7201125,f
-786.70013,-164.34312,-0.023825262,f
